1656189056.8501883	750	4	0.021	450283	3	-0.09030000000000005
1656189192.1848538	750	4	0.012	450283	2	-0.05159999999999998
1656189192.3004675	4300	8	0.0	2123065	11	0.75
1656189192.3400986	4300	12	0.0	2177073	11	4.3
1656189192.3848064	4300	15.999999999999998	0.0	2160877	12	4.3
1656189192.433717	4300	20	0.0	2233056	12	4.3
1656189192.4804628	4300	24	0.0	1941625	12	4.3
1656189192.5282807	4300	28	0.0	2157535	15	4.3
1656189192.575962	4300	32	0.0	2290172	13	4.3
1656189192.6211925	4300	36	0.0	2055469	12	4.3
1656189192.66808	4300	40	0.0	2169201	13	4.3
1656189192.7145844	4300	44	0.0	2173522	13	4.3
1656189192.7589252	4300	48	0.0	2102452	12	4.3
1656189192.8063707	4300	52	0.0	2209463	13	4.3
1656189192.8539224	4300	56	0.0	2275376	13	4.3
-------- [ 26-06-2022 15:29 ] --------
-------- [ 26-06-2022 15:30 ] --------
-------- [ 26-06-2022 15:33 ] --------
-------- [ 26-06-2022 15:38 ] --------
-------- [ 26-06-2022 15:50 ] --------
-------- [ 26-06-2022 15:51 ] --------
