1656818489.2804985	750	4	0.017	450283	2	-0.07309999999999994
1656818489.3988369	4300	7.885491	0.0	2123065	10	0.75
1656818489.4364903	4300	11.847634	0.0	2177073	11	4.3
1656818489.476054	4300	15.808260999999998	0.0	2160877	11	4.3
1656818489.5205905	4300	19.763789999999997	0.0	2233056	12	4.3
1656818489.5601003	4300	23.724019	0.0	1941625	10	4.3
1656818489.6020353	4300	27.683328	0.0	2157535	12	4.3
1656818489.6430032	4300	31.640818999999997	0.0	2290172	12	4.3
1656818489.6828868	4300	35.601183999999996	0.0	2055469	11	4.3
1656818489.7235367	4300	39.560632	0.0	2169201	11	4.3
1656818489.763919	4300	43.520215	0.0	2173522	11	4.3
1656818489.804128	4300	47.47994	0.0	2102452	11	4.3
1656818489.8446407	4300	51.439299999999996	0.0	2209463	12	4.3
1656818489.8854516	4300	55.398654	0.0	2275376	11	4.3
1656818489.9256659	4300	59.358593	0.0	2005399	11	4.3
1656818493.4803827	4300	59.920655	0.0	2152483	11	4.3
1656818497.5341296	4300	59.917659	0.0	2289689	11	4.3
1656818501.5972807	4300	59.914895	0.0	2059512	10	4.3
1656818505.6495852	4300	59.661924	0.0	2220726	11	4.3
1656818509.7023742	4300	59.659144	0.0	2156729	10	4.3
1656818513.751506	4300	59.656282	0.0	2039773	10	4.3
1656818517.8019462	4300	59.653461	0.0	2176469	10	4.3
1656818521.8543994	4300	59.650576	0.0	2221506	11	4.3
1656818525.4079673	4300	59.891977	0.0	2044075	10	4.3
1656818529.4575446	4300	59.889154999999995	0.0	2186790	11	4.3
1656818533.5099266	4300	59.886179	0.0	2105231	11	4.3
1656818537.5626533	4300	59.883480999999996	0.0	2395588	12	4.3
1656818541.6121101	4300	59.880491	0.0	1972048	10	4.3
1656818545.663381	4300	59.627086	0.0	2134614	10	4.3
1656818549.7140636	4300	59.623944	0.0	2164140	10	4.3
1656818553.7725518	4300	59.621404	0.0	2113193	10	4.3
1656818557.8255002	4300	59.61867500000001	0.0	2147852	11	4.3
1656818561.8779347	4300	59.60493000000001	0.0	2191074	11	4.3
1656818565.4361744	4300	59.852210000000014	0.0	2286761	11	4.3
1656818569.487146	4300	59.84946400000001	0.0	2307787	12	4.3
1656818573.5396287	4300	59.84660200000002	0.0	2143948	10	4.3
1656818577.5875914	4300	59.84378500000001	0.0	1919781	10	4.3
1656818581.6389256	4300	59.84098800000001	0.0	2147467	10	4.3
1656818585.6906002	4300	59.83824600000001	0.0	2133870	5	4.3
1656818590.4036667	4300	59.57556100000001	0.0	2146120	10	4.3
1656818594.4535122	4300	59.57266700000001	0.0	2108491	10	4.3
1656818598.5066564	4300	59.56981600000002	0.0	2184571	11	4.3
1656818602.557566	4300	59.56699000000002	0.0	2121928	10	4.3
1656818606.6085417	4300	59.564183000000014	0.0	2219102	11	4.3
1656818610.1522725	4300	59.81162800000001	0.0	2124950	10	4.3
1656818614.2066631	4300	59.80879900000001	0.0	2246506	11	4.3
1656818618.2589145	4300	59.806025000000005	0.0	1961140	10	4.3
1656818622.3114326	4300	59.803477000000015	0.0	2155012	11	4.3
1656818623.849116	4300	59.98245399999999	0.0	1433658	7	4.3

1656818624.048661	750	4	0.015	668286	4	-0.0645
1656818624.0891502	4300	7.964767	0.0	2123065	7	0.75
1656818624.1241739	4300	11.930216	0.0	2177073	6	4.3
1656818624.162057	4300	15.892341999999998	0.0	2160877	6	4.3
1656818624.1996355	4300	19.854632	0.0	2233056	5	4.3
1656818624.2338893	4300	23.820296999999997	0.0	1941625	5	4.3
1656818624.2681262	4300	27.78617	0.0	2157535	5	4.3
1656818624.3038507	4300	31.750479	0.0	2290172	5	4.3
1656818624.3401449	4300	35.714121999999996	0.0	2055469	5	4.3
1656818624.3795207	4300	39.674904999999995	0.0	2169201	6	4.3
1656818624.4137526	4300	43.639945999999995	0.0	2173522	5	4.3
1656818624.4487536	4300	47.605394	0.0	2102452	5	4.3
1656818624.4833405	4300	51.570574	0.0	2209463	5	4.3
1656818624.5196385	4300	55.534783999999995	0.0	2275376	5	4.3
1656818624.5546982	4300	59.49941	0.0	2005399	6	4.3
1656818628.0984266	4300	59.979509	0.0	2152483	8	4.3
1656818632.1448693	4300	59.976673	0.0	2289689	5	4.3
1656818636.1940005	4300	59.9737	0.0	2059512	6	4.3
1656818640.2426348	4300	59.970760999999996	0.0	2220726	6	4.3
1656818644.2875824	4300	59.967847	0.0	2156729	5	4.3
1656818648.3428838	4300	59.96526299999999	0.0	2039773	6	4.3
1656818652.3883574	4300	59.712323	0.0	2176469	6	4.3
1656818656.4402168	4300	59.709655	0.0	2221506	6	4.3
1656818660.4928849	4300	59.706900999999995	0.0	2044075	5	4.3
1656818664.5454278	4300	59.70398	0.0	2186790	5	4.3
1656818668.5954697	4300	59.701384999999995	0.0	2105231	5	4.3
1656818672.1478086	4300	59.942288	0.0	2395588	6	4.3
1656818676.200791	4300	59.939426999999995	0.0	1972048	5	4.3
1656818680.252853	4300	59.936299999999996	0.0	2134614	6	4.3
1656818684.299684	4300	59.933569999999996	0.0	2164140	5	4.3
1656818688.3436484	4300	59.930871999999994	0.0	2113193	5	4.3
1656818692.3896976	4300	59.676231000000016	0.0	2147852	5	4.3
1656818696.435516	4300	59.673293000000015	0.0	2191074	5	4.3
1656818700.4820046	4300	59.67043300000002	0.0	2286761	6	4.3
1656818704.5278409	4300	59.66764900000001	0.0	2307787	5	4.3
1656818708.573088	4300	59.66485400000002	0.0	2143948	5	4.3
1656818712.6185937	4300	59.66209700000002	0.0	1919781	5	4.3
1656818716.1683528	4300	59.90970200000001	0.0	2147467	6	4.3
1656818720.2211857	4300	59.90674800000001	0.0	2133870	5	4.3
1656818724.2720296	4300	59.90402500000002	0.0	2146120	6	4.3
1656818728.3237007	4300	59.90132200000001	0.0	2108491	5	4.3
1656818732.377645	4300	59.898561000000015	0.0	2184571	5	4.3
1656818736.4278386	4300	59.64300700000001	0.0	2121928	5	4.3
1656818740.4709156	4300	59.64013800000001	0.0	2219102	5	4.3
1656818744.5106924	4300	59.63721100000001	0.0	2124950	6	4.3
1656818748.5577393	4300	59.63447100000002	0.0	2246506	6	4.3
1656818752.598936	4300	59.63167100000001	0.0	1961140	5	4.3
1656818756.6434872	4300	59.628941000000026	0.0	2155012	5	4.3
1656818758.1776967	4300	59.55732699999999	0.0	1433658	4	4.3

1656818758.358285	750	4	0.014	668286	2	-0.06020000000000003
1656818758.3974922	4300	7.966282	0.0	2123065	5	0.75
1656818758.4322448	4300	11.931805	0.0	2177073	5	4.3
1656818758.4679093	4300	15.896065999999998	0.0	2160877	6	4.3
1656818758.5053802	4300	19.85849	0.0	2233056	6	4.3
1656818758.541091	4300	23.82367	0.0	1941625	5	4.3
1656818758.57587	4300	27.788346999999998	0.0	2157535	5	4.3
1656818758.6109753	4300	31.753134999999997	0.0	2290172	5	4.3
1656818758.6482787	4300	35.715765	0.0	2055469	5	4.3
1656818758.6823542	4300	39.681531	0.0	2169201	6	4.3
1656818758.7169232	4300	43.646969	0.0	2173522	5	4.3
1656818758.7519357	4300	47.612027999999995	0.0	2102452	6	4.3
1656818758.7852764	4300	51.578364	0.0	2209463	5	4.3
1656818758.820469	4300	55.543606	0.0	2275376	6	4.3
1656818758.8518486	4300	59.512022	0.0	2005399	5	4.3
1656818762.3939047	4300	59.980101	0.0	2152483	5	4.3
1656818766.4402988	4300	59.977198	0.0	2289689	5	4.3
