1656200894.699881	750	4	0.013	450283	3	-0.05589999999999995
1656200894.8128433	4300	8	0.0	2123065	11	0.75
1656200894.8519776	4300	12	0.0	2177073	11	4.3
1656200894.899202	4300	15.999999999999998	0.0	2160877	13	4.3
1656200894.9499846	4300	20	0.0	2233056	12	4.3
1656200894.985436	4300	24	0.0	1941625	10	4.3
1656200895.0227478	4300	28	0.0	2157535	11	4.3
1656200895.067224	4300	32	0.0	2290172	12	4.3
1656200895.1117918	4300	36	0.0	2055469	12	4.3
1656200895.1583626	4300	40	0.0	2169201	13	4.3
1656200895.2051	4300	44	0.0	2173522	12	4.3
1656200895.249892	4300	48	0.0	2102452	11	4.3
1656200895.295162	4300	52	0.0	2209463	13	4.3
1656200895.3397572	4300	56	0.0	2275376	13	4.3
1656202624.014574	750	4	0.015	450283	7	-0.0645
1656202624.1392002	4300	7.878582	0.0	2123065	11	0.75
1656202624.1778603	4300	11.839737	0.0	2177073	14	4.3
1656202624.219469	4300	15.798860999999999	0.0	2160877	9	4.3
1656202624.2651103	4300	19.753548	0.0	2233056	11	4.3
1656202624.3089693	4300	23.709487999999997	0.0	1941625	10	4.3
1656202624.3555772	4300	27.662965	0.0	2157535	12	4.3
1656202624.4003437	4300	31.618129999999997	0.0	2290172	12	4.3
1656202624.444983	4300	35.573789	0.0	2055469	12	4.3
1656202624.4914868	4300	39.527124	0.0	2169201	12	4.3
1656202624.5377972	4300	43.481266	0.0	2173522	11	4.3
1656202624.5842273	4300	47.434667	0.0	2102452	12	4.3
1656202624.6290476	4300	51.389755	0.0	2209463	12	4.3
1656202624.677554	4300	55.341001	0.0	2275376	12	4.3
1656202624.7222784	4300	59.296741999999995	0.0	2005399	11	4.3
1656202628.2757053	4300	59.917377	0.0	2152483	12	4.3
1656202632.3345795	4300	59.914448	0.0	2289689	11	4.3
1656202636.3925335	4300	59.661429	0.0	2059512	11	4.3
1656202640.4527104	4300	59.658617	0.0	2220726	13	4.3
1656202644.511832	4300	59.655665	0.0	2156729	12	4.3
1656202648.5747533	4300	59.653022	0.0	2039773	12	4.3
1656202652.1336803	4300	59.898602	0.0	2176469	12	4.3
1656202656.1912503	4300	59.895512	0.0	2221506	12	4.3
1656202660.252199	4300	59.892416	0.0	2044075	12	4.3
1656202664.3113363	4300	59.889534999999995	0.0	2186790	13	4.3
1656202668.3699818	4300	59.886469	0.0	2105231	13	4.3
1656202672.4353096	4300	59.629794	0.0	2395588	12	4.3
-------- [ 25-06-2022 20:28 ] --------
